+48888888007
+48790221109
+48509585612
+48503501656
+48730172357
+48785154435
+48604150007
+48513831407
+48883155298
+48600139957
+48690961801
+48605670718
+48881799360
+48692490229
+48694537398
+48507731060
+48791541070
+48572626475
+48501623989
+48603799168
+48608632960
+48504899584
+48516393993
+48660033939
+48502424835
+48691909090
+48668572866
+48737196195
+48792004485
+48512119604
+48530134612
+48695582827
+48692409207
+48514000818
+48884360295
+48732444883
+48798065581
+48692457930
+48791732423
+48574662312
+48723016365
+48606682551
+48601198906
+48501581090
+48889564408
+48698565605
+48603060899
+48459089707
+48724640111
+48783154209
+48667648394
+48730990453
+48666982989
+48792589937
+48600883244
+48600884122
+48600781279
+48507679646
+48693110468
+48504269212
+48607162657
+48721853268
+48696188438
+48737467582
+48519875666
+48518587301
+48512163874
+48790699399
+48536584962
+48607775929
+48884322251
+48694434231
+48576485341
+48666605608
+48503748775
+48699555316
+48517898400
+48531622922
+48663245381
+48662091675
+48516003199
+48534780444
+48693588966
+48781357649
+48698915056
+48666842664
+48885131103
+48604493788
+48459083524
+48533535628
+48692038926
+48692408711
+48667806510
+48782722544
+48888530281
+48664637624
+48501349831
+48600046190
+48607098889
+48501071190
+48505613852
+48609815567
+48792969955
+48663165573
+48725207159
+48507766396
+48500537160
+48721305898
+48695207045
+48459069771
+48794163387
+48512597593
+48699534166
+48781553905
+48515534320
+48571602117
+48796242093
+48737169255
+48518393455
+48731709807
+48693937500
+48728406149
+48505902568
+48602203825
+48788894034
+48789356298
+48699513355
+48662778198
+48577798666
+48789284725
+48699543897
+48607567620
+48576110333
+48600065760
+48732862004
+48530777079
+48669140420
+48504401023
+48516640402
+48578357955
+48511546854
+48796657028
+48883089119
+48517662193
+48506192439
+48459078466
+48503084813
+48515009120
+48733437188
+48697305973
+48731593545
+48691078563
+48881366163
+48888882683
+48576263693
+48787204188
+48782418573
+48729541616
+48881748396
+48505253680
+48602777874
+48606663049
+48603938562
+48792629590
+48884746962
+48517832992
+48573918167
+48792707191
+48728957021
+48505707006
+48502703199
+48799748591
+48699530738
+48789808384
+48791866624
+48667384967
+48888164665
+48535930801
+48798320430
+48609482597
+48603707098
+48603635431
+48605656289
+48690911990
+48889158129
+48517188600
+48729547980
+48534243542
+48509945205
+48794964282
+48792860345
+48573366233
+48575487869
+48729319927
+48604505497
+48695576970
+48500447230
+48692024386
+48508610768
+48883358632
+48726609395
+48514368046
+48503339765
+48508671296
+48733790970
+48508059503
+48792444493
+48537941981
+48694413119
+48603851541
+48571231993
+48883638092
+48576053190
+48607282048
+48662560765
+48510269072
+48600305997
+48500686599
+48500210398
+48726322800
+48607560906
+48603076579
+48606232614
+48604348778
+48514168007
+48662127365
+48572169425
+48665963696
+48579377405
+48733788514
+48882771022
+48692694083
+48509285188
+48601966377
+48514140229
+48885040186
+48574313292
+48725784250
+48506571010
+48668473409
+48880286768
+48511963257
+48509364128
+48696896210
+48781393648
+48508980884
+48797370391
+48514304988
+48880527973
+48532280578
+48693714174
+48506661599
+48883198963
+48608211703
+48579249449
+48691810544
+48668974808
+48790004095
+48601470427
+48608086045
+48600026032
+48514015729
+48505691654
+48721366645
+48537734224
+48797391272
+48668128333
+48574770623
+48730657620
+48725412063
+48604332120
+48531687238
+48737464200
+48573200993
+48533442327
+48791521619
+48535692220
+48530532385
+48699521428
+48791609601
+48505686107
+48604460729
+48504383805
+48515600165
+48888814479
+48885365721
+48501666488
+48502363860
+48514343746
+48791340010
+48573159986
+48664762756
+48536432791
+48798315256
+48505258900
+48663170436
+48535376193
+48534917110
+48795044144
+48501089076
+48691485775
+48502603027
+48724119419
+48508770512
+48889019572
+48507290582
+48506833856
+48792620266
+48518025799
+48535088016
+48883160266
+48699557178
+48603166571
+48536498321
+48790889104
+48608795250
+48667014819
+48666856801
+48728440778
+48536786771
+48730835007
+48573357770
+48576999387
+48603110344
+48608128365
+48796394507
+48734109295
+48789463122
+48501609244
+48600814168
+48785894624
+48530979636
+48502958795
+48733564123
+48664848517
+48791503092
+48666080394
+48606685134
+48698802533
+48669385929
+48509533173
+48459081269
+48796990138
+48507519528
+48725466586
+48609061564
+48664252460
+48508795708
+48602683382
+48795831908
+48796919147
+48787095745
+48730751656
+48798985545
+48501784798
+48605731217
+48530103448
+48730701446
+48739299678
+48510541640
+48694808113
+48600309307
+48662718699
+48509966870
+48601726589
+48739429718
+48512361281
+48535901418
+48501035985
+48533211781
+48697496954
+48515017771
+48602423064
+48534770256
+48509794663
+48730116789
+48603497716
+48666272634
+48504014245
+48660347638
+48880030054
+48665529118
+48880440336
+48790590992
+48515352787
+48733945698
+48511894495
+48788009897
+48516641133
+48796402333
+48784349888
+48603242164
+48797593406
+48884239628
+48792021202
+48661948262
+48509271718
+48737331414
+48881593465
+48502072491
+48884918182
+48793271988
+48798935888
+48730982469
+48575662574
+48539611258
+48577653427
+48503984021
+48574823257
+48536088695
+48532124786
+48578911884
+48459071005
+48506332083
+48605424286
+48600024492
+48504631311
+48604407539
+48884749929
+48663377279
+48507411183
+48783007428
+48792330745
+48607356355
+48514173481
+48696978909
+48579359724
+48730614154
+48797809221
+48536117596
+48603820577
+48575507274
+48609658756
+48668663242
+48502693741
+48729555162
+48608019644
+48516769995
+48665932373
+48798600409
+48730020002
+48608838061
+48607830306
+48607872499
+48602329881
+48513910035
+48509980433
+48736067670
+48530751128
+48575723284
+48782471434
+48665926821
+48784991467
+48502141206
+48791006957
+48604567925
+48798515968
+48730337335
+48505785723
+48795681182
+48536009259
+48883900914
+48699513630
+48662134678
+48513638203
+48664571536
+48602182879
+48693230814
+48514080809
+48607371134
+48782670492
+48504244755
+48516530780
+48512066888
+48535906764
+48504592005
+48793687043
+48604443840
+48885509605
+48795607955
+48795097315
+48780047988
+48607403852
+48730234855
+48514404722
+48507734438
+48508287339
+48501083109
+48732232008
+48575876654
+48502023735
+48607885351
+48606927861
+48790344048
+48794706633
+48609104754
+48514541903
+48783885489
+48606283259
+48505100450
+48603483330
+48530136607
+48782154281
+48575184405
+48796548974
+48697475783
+48514656769
+48530995138
+48695893356
+48690113932
+48697390126
+48692858067
+48606584358
+48604878314
+48601231282
+48504531531
+48576005871
+48504290707
+48795694429
+48796930630
+48791551473
+48603392810
+48696004153
+48501614439
+48501939000
+48668853201
+48518107653
+48888556992
+48791983532
+48537660962
+48514243905
+48501651957
+48690868163
+48530979039
+48516381375
+48669635372
+48729345241
+48728980504
+48728063939
+48609363026
+48502732333
+48505828751
+48511149134
+48512454210
+48506241268
+48608077190
+48790210498
+48793274345
+48513582489
+48731509528
+48668014083
+48693335287
+48508767007
+48604370799
+48571036355
+48664200071
+48503622626
+48730040322
+48669874858
+48781079139
+48579207928
+48737550477
+48697961481
+48794396646
+48570353291
+48722159101
+48601771789
+48531161358
+48698267249
+48722729415
+48514764456
+48570488625
+48459070090
+48664771456
+48509803999
+48789201791
+48608715886
+48797445922
+48600198253
+48880605295
+48693075664
+48514735296
+48601464705
+48790302589
+48573405157
+48604615225
+48508221424
+48576541976
+48506035803
+48515656354
+48690416418
+48603794949
+48513524130
+48781142901
+48575741896
+48737493119
+48602480055
+48518254265
+48665727529
+48785494788
+48509706901
+48531836754
+48789179510
+48537069943
+48601633936
+48605788508
+48601498242
+48698184781
+48791691094
+48793364316
+48664117357
+48792778043
+48797694985
+48798010004
+48608145248
+48607566001
+48725272647
+48501335085
+48509731151
+48665484524
+48603246334
+48509079629
+48697623085
+48577337847
+48518783490
+48519745600
+48531491626
+48607636884
+48508643369
+48667815357
+48789024036
+48691363889
+48519500636
+48699547031
+48609426479
+48729377545
+48669222687
+48883234047
+48694224491
+48601505647
+48793255387
+48502066056
+48531792231
+48697498749
+48668258636
+48784596738
+48500803811
+48535096524
+48508702641
+48501081703
+48883003005
+48533540726
+48537938586
+48668305619
+48699513750
+48792441238
+48666049206
+48513231835
+48517541743
+48696080809
+48600021698
+48500689350
+48720785181
+48530734069
+48731877949
+48665095497
+48605358058
+48575976665
+48667250555
+48661456228
+48570253149
+48608562577
+48607732950
+48603535549
+48733883950
+48533223027
+48601615642
+48791080917
+48510368130
+48603051117
+48883925572
+48884964111
+48733213840
+48506376748
+48511712692
+48691898313
+48693449527
+48693077030
+48511994162
+48519441128
+48576406064
+48506824899
+48604740411
+48697730016
+48798478581
+48690019185
+48608292699
+48514378874
+48608361378
+48508321926
+48667813584
+48506569711
+48795552680
+48668181222
+48576215683
+48516477220
+48729981350
+48507442183
+48574957308
+48785602890
+48604157320
+48501629664
+48690021858
+48664664546
+48794902066
+48513984151
+48509815641
+48730738167
+48699548977
+48793670880
+48662226631
+48532755086
+48793672777
+48696217345
+48507951548
+48732997218
+48604961537
+48535955685
+48518899425
+48795312893
+48608458918
+48791874385
+48503569205
+48533514887
+48660131085
+48663416865
+48661329483
+48570444796
+48505856545
+48783296969
+48668775129
+48666690707
+48571524897
+48667774437
+48725574245
+48699521273
+48725615931
+48606426394
+48665721690
+48513580898
+48725332566
+48666871894
+48505025628
+48517690291
+48699558492
+48510502541
+48664952518
+48791356494
+48609668096
+48784534111
+48739020704
+48732831712
+48507898323
+48537733763
+48609015306
+48510232264
+48799036063
+48570727321
+48669694499
+48602752663
+48726076397
+48664996347
+48725861666
+48734854459
+48794555579
+48693607970
+48664750250
+48603273637
+48604490949
+48725423911
+48607574671
+48665722911
+48515284551
+48608429776
+48669579897
+48730015926
+48798172555
+48600707097
+48537545460
+48512297021
+48518984442
+48533371034
+48799356695
+48500178602
+48517203600
+48503717751
+48699532001
+48791703842
+48515301530
+48572915411
+48600292281
+48797027032
+48667290891
+48781703020
+48578639700
+48535707200
+48667488260
+48507835062
+48796756754
+48791775597
+48889137768
+48534449869
+48695595170
+48690244240
+48502234879
+48693446683
+48663655148
+48508432510
+48784093335
+48795889677
+48574113999
+48500196662
+48731561145
+48793370232
+48786804377
+48787374968
+48511650576
+48575117617
+48501404919
+48798976479
+48606106537
+48695429821
+48459067663
+48536800609
+48602784767
+48531999811
+48605518539
+48783911175
+48661634220
+48506696149
+48695024019
+48519846519
+48576077483
+48459084477
+48793325425
+48504995592
+48602401238
+48502643855
+48608335225
+48502955446
+48512629143
+48728823759
+48601347244
+48518615221
+48577830714
+48602345881
+48882851244
+48505922116
+48504173574
+48604338802
+48721511099
+48536094783
+48883640410
+48662482002
+48508121872
+48883952061
+48880763661
+48515572272
+48790280700
+48603931833
+48604305972
+48663832606
+48572613138
+48512895793
+48796501637
+48721476049
+48518359528
+48518424470
+48600884901
+48576402915
+48729970977
+48691832233
+48693067011
+48790629808
+48509579773
+48514830012
+48573241259
+48506440484
+48459061079
+48730070230
+48515218495
+48538048026
+48729611429
+48608825390
+48535426443
+48516797089
+48600091172
+48501777657
+48602349099
+48884769847
+48507311418
+48733495253
+48570611485
+48538863153
+48881470891
+48600328842
+48605833434
+48530585214
+48602627429
+48601067823
+48600302439
+48459071974
+48730023523
+48570553541
+48536970513
+48502890436
+48459084686
+48793989446
+48505906750
+48501301675
+48533550540
+48605499925
+48661506260
+48722083814
+48602363814
+48505474480
+48698039777
+48535002555
+48795985055
+48502736743
+48604453893
+48574183772
+48509427087
+48785876205
+48506478552
+48660236881
+48531888777
+48729992636
+48781123334
+48531236350
+48796004132
+48667775643
+48697606795
+48604955516
+48781346701
+48726812001
+48577460214
+48693499480
+48605639708
+48667254567
+48513696056
+48511480563
+48881558743
+48507017011
+48721097268
+48508112167
+48603309111
+48793749920
+48510721983
+48534864212
+48663600791
+48575394998
+48530602716
+48794395228
+48603762921
+48603135797
+48515247456
+48502434160
+48663362426
+48500000529
+48698653418
+48882516008
+48607586440
+48601649114
+48512025633
+48535881010
+48605620473
+48691650382
+48698087712
+48793018684
+48664319691
+48570224864
+48509765042
+48660989510
+48607110311
+48513734140
+48796426138
+48604532019
+48660169257
+48510136095
+48793077075
+48505664022
+48501331401
+48663426538
+48607892140
+48727021464
+48511359289
+48664776736
+48534115060
+48664133613
